Redshift	Magnitude
0.503084	23.001698
0.580724	23.573937
0.494795	22.960139
0.345928	22.398137
0.677662	24.078115
0.610712	23.285241
0.866494	24.353678
0.330932	21.861412
0.798566	24.510389
0.449562	22.667126
0.371443	22.273052
0.291718	21.961068
0.35582	22.926619
0.461274	22.575127
0.28361	21.256943
0.632234	23.73918
0.466414	23.789546
0.268624	21.058469
0.94689	24.460375
0.924917	24.705851
0.693165	24.03207
0.625233	23.386939
0.896944	24.333328
0.608261	23.24535
0.789054	24.222261
0.578292	23.324299
0.59028	23.431058
0.719626	23.898687
0.210032	21.056779
0.76659	24.132026
0.858513	24.246115
0.367904	22.156621
0.558746	23.699983
0.848509	24.295329
0.99639	24.617672
0.776594	24.397768
0.582932	23.273246
0.583743	23.335798
0.796552	24.128917
0.588721	23.396414
0.913473	24.343967
0.768587	24.546176
0.948455	24.677344
0.513793	23.572554
0.733609	23.98538
0.637701	24.012142
0.765588	24.244208
0.434861	22.556493
0.983407	24.760473
0.700631	23.857842
0.662058	24.072652
0.838126	24.337904
0.621874	23.581303
0.370586	22.462924
0.416632	22.546572
0.35857	22.425017
0.451681	22.903257
0.522762	23.329087
0.733996	24.211821
0.701965	24.226777
0.742008	24.094212
0.746118	23.855911
0.34956	22.510167
0.591835	23.386183
0.514746	23.776721
0.620632	23.784306
0.643646	23.786478
1.002795	25.039369
0.470586	23.532383
0.610643	23.559958
0.263487	21.66648
0.358336	22.515607
0.742697	24.096172
0.451556	23.241924
0.910752	24.654449
0.552605	23.48813
0.337534	21.966214
0.750681	23.808932
0.983777	24.982708
0.822697	24.373493
0.813696	24.296809
0.950763	24.595947
0.817732	24.272419
0.34052	22.137345
0.960751	24.586694
0.81072	24.233543
0.756687	24.054929
0.611252	24.015491
0.877971	24.329232
0.548325	23.336908
0.809032	24.395023
1.0288	24.58883
0.627239	23.512839
0.422452	22.726347
0.9339	24.815885
0.701158	23.921414
0.697164	23.589462
0.685179	24.117729
0.767075	24.198308
0.931901	24.398812
0.863978	24.398482
0.7491	23.830175
0.514353	22.880762
0.468406	22.634969
0.470398	23.758954
0.958871	24.773087
0.927909	24.759723
0.840522	24.254281
0.630699	23.700974
0.562751	23.506645
0.615698	24.070744
0.828528	24.361588
0.564741	23.285141
0.578745	23.278595
0.557743	23.522028
0.864497	24.277329
0.735608	24.300208
0.858507	24.622355
0.261984	21.189797
0.585743	24.087789
0.76158	24.040031
0.4888	22.868484
0.858516	24.427101
0.688656	23.604428
0.558743	24.148746
0.324532	21.993375
0.480704	22.671051
0.185371	20.758955
0.922221	24.664061
0.681942	23.499419
0.475707	22.715329
0.92221	24.380224
0.893183	24.576
0.428646	23.396803
0.631882	23.605938
0.69996	24.456174
0.736007	24.383943
0.575823	23.652601
0.418633	22.46895
0.511746	22.907226
0.535771	22.991731
0.641893	23.677878
0.734996	24.000974
0.35156	22.684908
0.60986	23.927615
0.349557	22.228291
0.701969	23.957522
0.355261	22.387222
0.98328	24.666688
0.872152	24.426592
0.75903	24.106956
0.92622	24.811277
0.643642	23.6153
0.419569	22.938058
0.515587	23.62109
0.890729	24.223935
0.805696	23.903235
0.480568	22.948758
0.800697	24.207672
0.580604	23.516572
0.715652	23.992197
0.805695	24.393736
0.766684	24.298577
0.664638	23.512551
0.901736	24.408439
0.745665	23.919586
0.71868	23.72368
0.73669	23.691578
0.5796	23.295137
0.370531	22.62937
0.96074	24.718789
0.850729	24.140236
0.64864	23.974975
0.219462	20.852122
0.936755	24.494384
0.647639	23.898505
0.461564	22.975035
0.600603	23.845284
0.670654	24.064257
0.760698	24.031872
0.246492	21.50567
0.470573	23.023421
0.169455	20.293205
0.497379	23.102539
0.638234	23.888138
0.507371	23.559122
0.535327	22.871803
0.587285	23.613598
0.773081	24.049363
0.699166	24.107325
0.370511	22.212225
0.761089	24.081977
0.699169	23.733171
0.78806	23.975847
0.373513	22.144613
0.405478	22.801779
0.852994	24.43276
0.808048	24.608413
0.603272	23.829442
0.58329	23.712643
0.534335	23.294733
0.72014	24.235443
0.400485	22.587347
0.837004	24.189244
0.371508	22.438189
0.806041	24.46554
0.840005	24.190851
0.500728	23.276559
0.532765	23.313086
0.533766	23.454678
0.932229	24.775178
0.822103	24.189188
0.553797	23.411247
0.125298	19.752286
0.842123	24.283047
0.443668	22.994747
0.727675	23.946563
0.683659	24.054688
0.442548	22.663818
0.726679	23.896775
0.28251	22.151638
0.404549	22.602742
0.519611	22.873755
0.690652	24.378431
1.060801	24.70787
0.576612	23.456685
0.268489	21.711856
0.72068	23.914145
0.250498	21.864224
0.760691	23.906693
0.698167	23.730103
0.550315	23.219524
0.730128	23.905124
0.847985	24.196452
0.997826	24.529085
0.435446	22.524456
0.40947	22.557433
0.30159	21.442454
1.299106	25.691231
1.020807	24.965297
0.839734	24.362709
1.12085	25.147113
1.230892	26.046776
0.97423	24.886143
0.970782	25.020075
0.064229	18.347945
0.12903	20.336945
0.10289	19.156988
0.04413	17.531728
0.11304	19.114133
0.25611	21.537919
0.38026	22.200281
0.14547	20.28342
0.08889	19.115082
0.26059	21.218177
0.07891	19.149702
0.08304	19.38627
0.16565	20.412042
0.16817	20.17402
0.17063	20.781976
0.17028	20.134725
0.12044	20.209823
0.27653	21.365495
0.2316	21.098958
0.30569	21.588074
0.07997	19.019822
0.17415	20.351422
0.13868	19.897068
0.14607	20.061964
0.08133	18.915623
0.2338	20.793051
0.25655	21.306745
0.24562	21.151867
0.12593	19.89021
0.22351	21.236545
0.10264	19.206141
0.11967	19.578968
0.18055	20.67432
0.19709	20.348239
0.22916	21.093432
0.26451	21.53541
0.10337	19.373517
0.36441	22.299562
0.2056	20.662469
0.17981	21.151747
0.19959	20.849845
0.15653	20.298025
0.1618	20.328307
0.20953	21.86497
0.24179	21.801057
0.23646	21.461512
0.22668	21.06808
0.29678	21.38185
0.20852	20.762042
0.25104	21.936242
0.25012	20.967243
0.11771	19.052211
0.21971	20.855502
0.14901	19.972155
0.28742	21.262819
0.1436	19.837994
0.32837	21.644732
0.24625	21.07527
0.11966	20.319989
0.32838	22.190461
0.21513	21.433042
0.14478	20.466614
0.13243	20.147341
0.21082	20.480731
0.20399	20.912346
0.27952	21.349608
0.04428	17.546294
0.18037	20.228837
0.2607	21.261083
0.05654	17.780075
0.2126	21.246133
0.36941	22.210028
0.17386	20.452267
0.14265	19.708683
0.17789	20.15261
0.25351	21.384596
0.30001	21.706687
0.10589	19.370566
0.22328	20.941812
0.11845	19.436663
0.17653	20.178782
0.1828	20.867304
0.29762	21.845816
0.19699	20.684448
0.15295	19.761456
0.2485	21.203185
0.13818	19.659001
0.20704	21.801005
0.21468	20.730053
0.30632	21.733825
0.24695	21.056951
0.19801	20.948974
0.22256	21.024295
0.13508	20.461573
0.21054	20.791873
0.27258	21.161073
0.2466	20.665733
0.22068	21.520886
0.27447	21.436954
0.17656	20.504592
0.31088	21.860479
0.18435	20.641715
0.15935	19.907795
0.21976	20.943822
0.25205	21.586693
0.18122	20.192003
0.17373	20.54928
0.38047	21.980928
0.17865	20.359333
0.24568	21.326555
0.2091	20.592027
0.24947	21.852696
0.13392	19.607858
0.17706	20.736464
0.28111	21.439311
0.17383	21.032398
0.19654	21.017687
0.36397	22.059517
0.37835	22.421908
0.31646	21.846724
0.18322	20.272733
0.24102	21.005963
0.20203	20.556408
0.16869	20.889914
0.19794	20.774797
0.12276	19.61767
0.20318	20.758955
0.12739	20.104432
0.27549	21.533317
0.14468	20.257201
0.33436	21.862025
0.1958	20.704275
0.19392	21.065011
0.24973	21.02095
0.1486	19.970319
0.15596	20.146078
0.09582	19.773444
0.15065	20.403921
0.30933	22.130926
0.24857	21.127943
0.36554	22.13649
0.19176	20.740998
0.18255	20.47384
0.23472	21.130073
0.24647	20.845774
0.28845	20.859757
0.2096	20.739132
0.19198	20.466522
0.11402	19.173326
0.11389	19.719269
0.1988	20.519882
0.22058	20.764062
0.18257	20.59859
0.15895	19.93795
0.07849	19.240437
0.13864	19.983006
0.18079	20.579248
0.17757	20.428083
0.17066	20.55707
0.23381	20.863174
0.07153	18.172291
0.15463	19.970376
0.0901	18.818896
0.17658	20.397033
0.13045	19.653248
0.18204	20.680621
0.25617	21.318433
0.13811	19.554935
0.1707	20.780026
0.21674	20.709521
0.24555	21.091966
0.14382	20.04551
0.24862	21.302566
0.14533	20.060753
0.13588	20.059419
0.05874	17.862299
0.03652	17.320514
0.27749	21.739047
0.20515	21.18231
0.28051	21.478247
0.19867	20.49004
0.15999	20.410888
0.21075	21.022641
0.07195	18.984126
0.23782	20.859375
0.14139	20.083504
0.15506	20.385861
0.37013	21.893176
0.09391	19.176568
0.11863	20.541778
0.15363	20.240999
0.25356	21.278008
0.10725	19.337775
0.12961	19.866162
0.26665	21.322503
0.21226	21.093299
0.27822	21.278193
0.2454	20.753569
0.13362	20.091364
0.11368	19.674591
0.32038	22.0083
0.11271	19.405852
0.10602	19.224685
0.39135	22.096499
0.15575	20.174029
0.18667	21.077159
0.19671	20.998833
0.19191	21.201846
0.19084	20.425403
0.17625	20.591414
0.12837	19.747603
0.12262	19.509318
0.12715	19.700776
0.21323	21.240608
0.21861	20.966724
0.26856	21.597167
0.20466	20.719102
0.2671	21.206503
0.21757	21.084988
0.24185	20.841931
0.2935	21.355269
0.35346	21.770897
0.18563	20.773682
0.28543	21.594277
0.19494	20.367563
0.07592	18.228158
0.16357	20.518238
0.25721	21.465617
0.21955	21.280787
0.17558	20.292843
0.22667	21.43872
0.15322	20.209017
0.21025	21.64322
0.12164	19.946008
0.29135	21.541949
0.29448	22.400726
0.16455	20.24377
0.30702	21.831913
0.19863	20.711318
0.26821	21.593672
0.40128	21.991848
0.13668	20.268803
0.29542	22.241585
0.29192	21.507747
0.09007	18.477718
0.20557	20.820147
0.14582	19.800673
0.11767	19.195923
0.05499	18.010876
0.1742	20.50996
0.24495	21.379199
0.22452	21.145906
0.24558	21.379054
0.28351	21.246461
0.18056	20.90687
0.10391	19.26048
0.24352	20.934675
0.33136	22.047888
0.24348	21.41238
0.31468	21.289082
0.21865	20.772595
0.26014	21.301262
0.28243	21.510915
0.30041	21.668758
0.15186	19.681123
0.26357	21.267444
0.21382	21.110632
0.16284	20.750876
0.1244	19.953688
0.19465	20.622004
0.20554	20.612992
0.10667	19.481026
0.18772	21.111734
0.16387	20.274432
0.29021	21.340912
0.09401	18.639465
0.22786	21.000868
0.10751	19.591919
0.31065	21.379309
0.14564	20.358304
0.08784	18.825522
0.14839	19.741298
0.28662	21.604938
0.12281	19.555089
0.18655	20.476939
0.12893	19.928783
0.19422	20.982429
0.148	19.597186
0.21179	21.774529
0.17962	20.567619
0.26349	21.149878
0.19215	20.644093
0.3388	21.773378
0.11741	19.784621
0.1431	19.815354
0.16035	20.253587
0.28872	21.563138
0.12303	19.970954
0.26405	21.371914
0.12608	20.042918
0.17374	20.242601
0.1644	20.259822
0.24961	21.547293
0.24448	20.797565
0.24851	20.952989
0.22893	20.806588
0.08528	18.765187
0.062818	18.039954
0.27745	21.898888
0.27544	21.521059
0.33051	21.962505
0.36193	22.096096
0.33103	22.092013
0.1605	20.35959
0.30021	21.702057
0.11635	19.462745
0.21829	21.161023
0.15473	19.866725
0.1781	20.91017
0.25037	21.337855
0.25174	21.405599
0.12953	20.11706
0.30929	21.575751
0.27852	21.447891
0.18581	20.479366
0.06651	18.639629
0.258	21.525113
0.29888	21.522329
0.27044	21.678524
0.27916	21.551471
0.29287	21.783514
0.18965	20.949871
0.26576	20.925675
0.12376	19.60877
0.05634	17.716443
0.31288	21.594837
0.30915	21.797035
0.20061	20.954698
0.3264	21.644769
0.21163	20.83092
0.17969	20.567027
0.3024	22.0549
0.10924	19.47415
0.08522	18.716573
0.20231	20.782139
0.12649	19.808548
0.21457	20.88535
0.32045	21.537605
0.21835	21.098936
0.1901	20.632628
0.09243	18.939486
0.37986	21.922589
0.21134	21.20352
0.25833	21.619985
0.18327	21.108509
0.21295	20.819745
0.11651	19.419454
0.14401	19.969519
0.25249	21.349051
0.25539	21.432154
0.21698	21.069215
1.265901	25.735598
0.935774	24.481915
0.049519	17.762489
0.030325	16.239518
0.074579	18.465664
0.025198	16.317246
0.014411	14.476032
0.020792	15.116795
0.035218	16.754961
0.041657	17.62515
0.0424	17.347518
0.018902	15.783958
0.07884	18.314101
0.063345	18.292783
0.027637	16.067616
0.049325	17.841201
0.070153	18.445046
0.023909	16.695978
0.053126	17.645061
0.024951	16.311743
0.015664	14.780119
0.048984	17.075749
0.022399	16.021035
0.034854	16.664677
0.016966	15.351431
0.030721	16.647115
0.030482	16.849731
0.01055	14.449314
0.014256	15.128363
0.027688	16.076604
0.05386	17.557966
0.017672	14.836398
0.01745	15.122099
0.015573	14.726182
0.01006	14.148421
0.054931	17.892389
0.039083	16.773853
0.078317	18.420978
0.031764	16.789918
0.01444	14.843842
0.013533	14.381711
0.026677	16.034919
0.02336	15.581359
0.036934	17.077342
0.023552	16.554284
0.017483	15.364415
0.040259	16.947362
0.030381	16.215141
0.015504	14.71178
0.014151	15.283561
0.015487	15.285545
0.015554	15.047556
0.037075	16.620416
0.015482	15.08025
0.013324	14.882717
0.014575	14.66139
0.015791	14.557266
0.024746	16.341106
0.027748	16.657319
0.010888	14.557203
0.013652	14.685508
0.035755	16.778327
0.024725	16.238326
0.038086	16.644355
0.021541	15.7472
0.019581	15.660096
0.030416	16.684369
0.039219	16.699328
0.034971	16.971121
0.028561	16.482973
0.020997	15.875946
0.032538	17.000951
0.015469	15.064971
0.015678	14.68323
0.027499	17.152881
0.046856	17.452691
0.033173	17.370053
0.010291	14.157498
0.080103	18.471039
0.012317	14.875843
0.024586	15.865712
0.014467	15.638553
0.015154	14.834769
0.029086	16.284531
0.034781	16.450122
0.04492	17.322622
0.034074	16.764211
0.07487	18.411792
0.01496	15.489034
0.020396	15.541531
0.040689	17.617164
0.026567	16.16147
0.026881	15.922518
0.023471	16.158253
0.069122	18.394173
0.065193	18.095053
0.02298	16.454585
0.017387	14.99845
0.031485	16.462073
0.011184	14.342973
0.021956	16.206993
0.031484	16.911564
0.023321	16.024534
0.02039	15.743711
0.022466	15.970889
0.033614	16.968737
0.036969	17.409901
0.022629	15.990616
0.0147	15.058086
0.03695	18.130272
0.060959	17.836262
0.059289	18.195512
0.069751	18.412215
0.029526	16.835065
0.033255	16.841219
0.024159	16.150168
0.015999	15.719765
0.062961	17.798492
0.021706	15.90219
0.031638	16.58094
0.018599	15.89331
0.027064	16.504006
0.025468	15.797848
0.02381	15.895501
0.023867	16.068268
0.022068	15.71854